-143,-2384.41
714,7791.97
-290,-1330.39
-935,-9151.69
-37,1035.63
295,863.51
-847,-10672.77
-520,-3631.59
168,2698.33
-247,-5620.77
-612,-9494.87
-670,-9850.59
797,12362.19
697,6118.19
-554,-7135.15
-150,-3682.79
-139,-2722.05
-621,-6695.93
-47,-2441.77
-859,-8027.85
-146,-4620.43
907,9129.59
-791,-10098.73
376,5001.05
-818,-9486.91
-36,-1277.03
522,9181.69
-116,-2861.23
490,8579.81
889,9402.47
-271,-1491.93
-121,1550.07
-88,-3823.71
-202,-2785.47
-151,-2246.13
-860,-11820.19
-804,-7229.15
260,5306.61
324,5796.37
-869,-13422.25
108,598.93
-297,-4905.77
-682,-9695.67
351,6636.55
-832,-12983.67
250,5525.21
794,7594.17
-19,-2636.25
-75,944.71
-68,-3516.91
-893,-13415.41
945,9574.51
-82,-3434.67
-688,-5914.71
503,8842.23
350,5889.21
-627,-8350.97
825,12512.71
411,3107.95
-787,-12041.37
-851,-12072.13
-196,-4814.43
281,6123.75
571,9339.35
-917,-11059.57
-742,-7757.07
-646,-10907.43
-445,-4962.09
-475,-7432.29
-543,-8568.41
809,10482.27
744,10046.17
-97,613.23
-331,-6567.33
497,8897.19
-426,-6944.63
279,5655.07
47,3590.19
-201,253.87
-894,-10781.75
-485,-8746.69
-111,-4278.53
-683,-5637.01
-538,-4597.71
741,8875.15
974,14339.37
-34,-925.35
738,12045.13
720,8742.01
704,8421.57
368,3501.33
844,12618.17
312,1433.29
-261,-4848.53
71,-1324.65
633,8193.43
-573,-7663.61
908,9726.93
-889,-12919.05
349,6713.87
-367,-3342.57
-267,-827.57
-731,-10792.33
-316,-4618.23
-104,-3115.15
-897,-13176.77
-226,-564.63
-176,-2662.63
-687,-10816.37
188,17.13
872,11685.69
-763,-12231.21
927,13204.39
355,3724.91
684,11318.77
207,-294.41
596,8195.85
-802,-11509.47
746,10253.85
-974,-12143.95
-148,-4636.11
451,6235.55
388,6229.13
-183,-1696.01
244,1152.17
116,3073.65
-344,-6682.75
-800,-12735.79
-388,-6739.71
853,7773.23
534,5870.77
-887,-12132.37
189,2582.47
432,4576.09
-434,-7727.35
27,-523.61
-497,-6284.77
377,6336.39
-549,-5525.45
215,761.31
-160,-3881.19
-171,-3608.93
-730,-7032.99
-157,-3622.17
-179,-1958.65
200,2058.21
-184,-3889.35
264,1404.97
-452,-5153.47
-740,-7906.39
154,4784.57
916,13821.65
-576,-6278.63
813,7861.63
576,9071.05
942,12453.49
20,995.01
329,3230.07
-547,-6568.77
-338,-1466.71
-312,-3524.87
-942,-8713.07
598,5667.53
-152,1062.53
-138,176.29
-133,-752.01
394,7458.17
583,9439.43
921,11141.35
519,8379.67
801,11385.55
676,7959.05
-840,-12314.39
-258,-5525.51
49,1331.87
261,1154.95
592,6967.49
-169,-3008.25
-723,-8740.61
-303,-2873.81
224,2258.37
-534,-9297.35
819,12573.67
691,10049.15
-390,-3143.39
-44,502.25
342,5319.49
266,592.65
874,12589.37
-65,639.11
782,12594.09
-115,1330.11
-775,-11374.29
868,9803.33
220,3673.01
987,10182.79
-479,-7718.65
-625,-8332.29
251,5402.55
484,5079.77
127,851.39
458,2892.93
906,11901.25
341,2793.15
-638,-6098.71
-667,-8073.57
128,2825.73
754,10283.57
-260,-1095.19
460,3679.61
389,3568.47
-166,-2365.23
-563,-9349.21
-159,247.15
834,9389.77
-366,-3474.23
-405,-3448.49
339,5798.47
-819,-7234.25
-533,-6378.01
285,3854.11
-356,-6374.83
-259,-5732.85
426,3761.05
480,7547.41
-905,-13011.49
-480,-4661.99
-9,1525.15
911,8398.95
740,7956.81
336,1807.45
761,10498.95
-962,-11362.87
-67,-1044.57
130,-1211.59
-328,-1010.31
-509,-4275.85
-771,-9848.93
-487,-8531.37
-829,-10183.65
-722,-9817.27
-661,-6403.53
701,6209.55
540,8335.81
-592,-8276.07
-981,-12515.33
-295,-2604.09
-652,-10930.47
-691,-5756.73
828,12483.73
971,14218.35
-208,56.49
-330,-5210.99
909,9367.27
-989,-9911.05
-945,-10520.09
-483,-5746.01
-175,-2740.29
631,9269.75
-880,-11160.99
-555,-4615.49
55,868.91
931,9257.75
452,4993.89
382,3155.09
763,7493.63
757,7695.59
-473,-6813.61
-637,-10154.37
19,916.67
-842,-11394.07
-577,-9782.97
242,2834.49
-868,-11021.91
-954,-9737.15
-51,874.87
-101,-6.13
299,3669.87
991,11471.15
532,9236.09
884,10744.77
65,908.31
-412,-5835.87
-337,-3851.37
-972,-13856.27
-623,-8022.61
599,9864.87
39,227.47
-841,-9413.73
569,4484.67
936,9160.45
344,6709.17
-380,-5497.99
-73,300.39
107,3382.59
442,3667.49
169,1846.67
629,8546.07
-678,-5533.31
457,6456.59
106,157.25
956,10223.25
689,8770.47
928,13570.73
319,6829.67
622,10403.69
-470,-5318.59
21,1115.35
-265,-4615.89
474,7704.37
338,6425.13
-358,-6645.51
-346,-6581.43
-262,-2658.87
255,1356.91
418,5756.33
-527,-4716.97
-695,-10708.09
937,8845.79
-535,-6906.69
-895,-12165.09
-536,-8515.03
149,150.87
59,1626.27
-546,-7249.43
429,3120.07
590,7575.81
524,5633.37
-816,-9156.23
-778,-10205.31
63,3760.63
-749,-8101.45
-805,-10325.49
-557,-6773.17
315,3357.31
-874,-9598.95
-77,-2391.97
-193,-520.41
-147,-2556.77
616,9597.65
288,3636.13
-958,-14331.51
756,8457.25
-254,-505.15
678,10515.73
-631,-7077.33
-397,-3892.77
624,8103.37
665,10820.31
5,2219.91
783,11064.43
829,7624.07
-31,-2883.33
967,9014.99
-552,-4320.47
-87,-1534.37
89,790.47
-992,-12831.07
-597,-9330.77
438,3198.13
83,-1050.57
-957,-13443.17
591,7057.15
913,11414.63
292,3007.49
661,10380.95
410,5150.61
289,6558.47
-622,-6198.27
-134,-722.35
-785,-8683.69
-613,-10122.21
-936,-13676.03
-826,-9294.63
33,-188.57
-494,-4210.75
-363,-5162.21
-319,-3812.25
886,12743.45
-550,-3980.79
322,4133.69
282,1747.09
-803,-12424.81
449,4179.87
392,7778.49
-704,-9874.15
-672,-7931.27
-937,-14342.37
948,12266.53
-591,-9235.73
-481,-5544.33
718,8057.33
386,4242.45
-640,-7725.39
-398,-7742.11
52,-2072.11
183,3546.43
578,8780.73
-813,-7760.21
17,-278.01
696,11013.85
229,5728.07
-354,-3824.15
-639,-7323.05
963,10942.63
-393,-6987.41
-884,-8300.35
-817,-12867.57
399,7021.87
465,5514.31
989,14974.47
-745,-7035.09
397,3007.19
866,12040.65
543,7004.83
-734,-11717.35
70,76.01
413,3927.63
-113,-1645.21
22,-1863.31
-340,-2184.39
11,-151.05
-441,-3472.73
-30,1887.01
-334,-5095.35
-27,-2905.97
-609,-9103.85
-715,-11716.89
-834,-7428.35
-783,-8968.01
-417,-3089.57
134,3934.77
-848,-8063.11
-951,-14449.13
580,10029.41
949,10514.87
796,11479.85
-767,-12112.57
381,6322.75
545,9264.51
573,7597.03
120,3378.01
152,4030.89
646,7417.85
957,14405.59
841,11387.15
184,3156.77
-378,-3706.31
-136,-2898.03
-80,-286.99
408,4681.93
-659,-7371.85
-39,971.95
-822,-8123.27
-693,-5823.41
-916,-11194.23
-708,-6845.51
546,9624.85
-241,-3623.73
43,3198.83
938,13871.13
753,11111.23
-798,-8262.11
-256,-247.83
-968,-9588.91
-141,-1636.73
528,8418.73
-335,-1327.69
-556,-4855.83
414,6237.97
858,9910.93
206,3701.25
313,5429.63
-5,-1851.49
870,11622.01
-503,-6637.81
-827,-7248.97
-714,-7831.55
-929,-13559.65
786,9715.45
298,5958.53
603,6815.23
548,4258.53
-499,-8928.45
-107,-1721.17
951,14667.55
882,13201.09
632,5448.09
879,13737.07
-454,-6651.15
-849,-9452.45
-106,-1081.83
-540,-4286.39
-207,-1392.17
337,1909.79
482,3513.09
403,5994.23
-109,-3263.85
725,9718.71
731,9261.75
-431,-6523.33
806,10985.25
-523,-8663.61
-985,-13551.69
865,9436.31
15,-266.69
-676,-10098.63
-456,-3048.83
823,8948.03
839,7975.47
-43,2455.59
202,420.89
846,10302.85
666,10526.65
-222,-2219.27
-982,-11579.67
366,6125.65
-474,-8040.95
6,2040.25
300,1441.21
86,-344.55
-946,-10307.43
727,8198.39
-352,-2590.47
771,11054.35
-604,-6234.15
126,1034.05
-657,-7686.17
752,7744.89
-199,-4308.45
-280,-1986.99
42,-530.51
383,2918.43
-679,-10936.65
-284,-6305.35
-713,-5908.21
881,10617.75
972,13204.69
-809,-8934.85
-988,-11839.71
912,10892.29
-225,-2514.29
854,10068.57
-305,-4644.49
30,1247.41
-205,-350.49
-95,-1267.09
672,8311.69
-863,-7978.21
-948,-11106.11
589,8319.47
-252,-1461.47
-333,-1897.01
-399,-4979.45
9,-1177.73
-437,-3156.37
-424,-4612.95
353,2695.23
713,10782.63
-806,-12764.83
-427,-6872.97
371,5674.35
-814,-7112.55
93,3140.83
95,-440.49
197,4067.19
-991,-13670.73
670,6871.01
-952,-10045.47
384,3560.77
174,366.37
-204,-3140.15
822,12499.69
-780,-9791.99
84,-648.23
-867,-10361.57
321,1730.35
-823,-9002.61
-490,-8253.39
-766,-11950.23
-299,-5338.45
-458,-3067.51
668,7611.33
-692,-5664.07
453,7121.23
-360,-1708.19
-181,-4248.33
334,4815.77
306,5163.25
-18,-3139.91
491,6303.15
-71,2167.07
391,3305.15
193,4467.83
487,8884.79
-525,-8958.29
-794,-9649.75
-21,1302.07
-351,-2590.13
-553,-8481.81
-449,-6046.45
-288,-3933.71
333,5667.43
709,9317.27
132,4336.09
-55,2349.51
-674,-7253.95
340,1907.81
192,1473.49
354,3262.57
-81,1836.67
717,10681.99
755,7130.91
427,2783.39
-824,-9371.95
996,11343.85
658,6902.93
374,3266.37
-140,709.61
973,14402.03
-879,-9126.65
961,11553.95
-322,-5958.27
-751,-9701.13
-1000,-12035.79
308,2853.93
-896,-10902.43
638,9023.13
-969,-9841.25
-274,-3658.95
-923,-10833.61
579,9966.07
-727,-7373.97
773,8316.03
-50,-606.79
456,4317.25
-930,-12836.99
-789,-10116.05
-965,-13025.89
58,-1833.07
180,2213.41
-919,-12365.25
-559,-7826.85
-349,-2763.45
-66,-687.23
232,3551.09
473,6210.03
-198,-4608.11
360,1893.61
-799,-9711.45
726,9527.05
-234,-2754.35
176,52.05
304,1922.57
788,7520.13
486,3979.45
821,10909.35
-738,-11442.71
514,3412.97
-124,-1426.95
-283,-2522.01
-476,-7849.63
-701,-6114.13
-467,-7750.57
135,2594.11
-16,259.77
245,618.51
-64,507.45
594,8909.17
946,10507.85
373,3038.03
-332,-1740.67
161,-415.05
214,-226.03
595,7568.51
-997,-10069.77
836,8673.45
-529,-6991.65
-892,-10091.07
-743,-11678.41
-482,-7488.67
-761,-10130.53
-513,-6719.21
464,3023.97
855,8349.91
-673,-9731.61
159,3292.27
-404,-4234.15
606,4812.25
191,3225.15
-782,-7143.67
56,248.25
751,9217.55
-564,-4420.55
-174,-1302.95
98,3163.53
544,7686.17
233,3992.43
-455,-2982.49
504,6886.57
236,1869.45
722,10908.69
-385,-6564.69
483,8415.43
-1,-1055.13
-114,-3058.55
87,2106.79
826,9594.05
674,5390.37
-762,-11753.87
431,4698.75
625,6969.71
-272,-2050.27
-786,-11720.03
-285,-4283.69
549,9340.87
48,2810.53
24,-374.63
2,1036.89
185,5008.11
-921,-9167.93
67,1205.99
143,-862.17
231,5890.75
-960,-8935.19
475,8247.71
610,5059.61
-861,-11136.53
-514,-7163.55
-752,-8138.47
-866,-11081.23
673,7541.03
239,3160.47
983,10034.43
575,7339.71
944,9970.17
430,2808.41
208,4907.93
-62,-1210.87
-371,-3013.93
-634,-6082.35
318,5872.33
510,3891.61
268,1952.33
123,2662.03
222,4003.69
139,4188.47
-617,-7261.57
-756,-10689.83
-507,-6366.17
190,4985.81
791,10077.15
-145,-3735.09
167,759.99
-122,1045.73
461,3115.95
-60,136.81
199,2243.87
-578,-10035.31
-709,-11363.85
-345,-5192.09
-770,-8195.59
-375,-7017.29
574,6604.37
521,4543.35
-45,-947.09
910,9202.61
283,3037.43
276,1295.05
182,-497.91
-7,-2254.17
-922,-10392.27
648,6869.53
745,7352.51
-137,-2166.37
-40,-2454.39
976,13995.05
119,2087.67
680,7657.41
-24,2282.05
32,243.09
-94,-1152.75
-944,-10756.75
-292,-1820.07
-216,-2232.23
962,13504.29
385,3756.11
365,5465.31
988,13510.13
-696,-10408.43
615,4665.31
405,6675.91
-882,-8299.67
-489,-4446.05
-435,-6308.69
634,10632.77
-466,-3928.23
-924,-10566.95
78,-1505.27
173,129.03
-13,-456.21
885,9737.11
12,1565.29
565,9301.31
-725,-11750.29
827,11553.39
808,8420.93
162,3980.29
-353,-3364.81
780,12485.41
-401,-2991.13
31,-297.25
335,3946.11
-684,-5502.35
-102,-3738.47
932,11349.09
547,7141.19
146,1460.85
407,5527.59
-966,-10578.23
-571,-5853.93
-93,-936.41
-938,-9179.71
-716,-10646.23
-524,-8837.95
659,5226.27
954,10576.57
395,7845.51
516,9290.65
-526,-8028.63
-645,-7259.09
346,5278.85
-268,-983.91
768,8332.33
187,3685.79
739,10923.47
-186,-1172.03
-821,-7870.93
-461,-5318.53
-430,-2874.99
735,6497.11
706,8713.25
698,7468.53
980,11035.41
-355,-5576.49
798,9182.53
348,5981.53
196,19.85
-210,-3574.19
-779,-11141.65
-416,-4028.23
953,9520.23
-172,-2157.27
90,799.81
248,517.53
-15,689.11
-941,-9780.73
613,5291.63
-341,-7152.73
-123,-4330.61
570,8979.01
800,8109.21
609,8551.27
-808,-10974.51
781,9464.75
-890,-12484.39
51,-1895.45
387,5631.79
-379,-1633.65
536,9435.45
-26,-991.63
970,10171.01
959,13803.27
584,8152.77
-192,-1882.07
-306,-1902.83
-309,-2371.85
-759,-7915.85
620,6059.01
875,12166.71
422,2355.69
325,4707.71
650,5403.21
-362,-2851.87
643,6036.83
-746,-9879.43
-899,-11260.45
-741,-9496.73
-357,-2862.17
-967,-9975.57
275,3094.71
-558,-6953.51
359,2667.27
-84,1067.65
-870,-13416.59
990,11077.81
655,9541.91
895,13937.51
103,2106.23
-178,-5057.31
-626,-9178.63
-403,-2391.81
683,8807.43
-238,-2449.71
917,11577.99
435,6599.11
-386,-3574.03
734,10918.77
-163,-1539.21
-831,-11528.33
762,10685.29
156,1929.25
158,777.93
842,7970.49
687,9858.79
138,1965.13
-593,-6119.41
-227,-669.97
66,-1581.35
-788,-12572.71
950,11361.21
80,1708.41
-155,-4620.49
-191,-777.73
345,6382.51
305,1982.91
-596,-6078.43
702,6899.89
290,6273.81
-856,-12415.83
-947,-12053.77
818,12075.33
-934,-13507.35
902,12370.89
-394,-7515.75
-56,-2828.83
265,5662.31
900,9628.21
641,6537.15
-325,-4171.29
3,1442.23
-633,-5371.01
-562,-8256.87
-281,-3142.33
186,4945.45
-904,-13755.15
-215,-5426.89
-940,-10839.39
-914,-11112.55
478,4393.73
-165,-1422.89
303,4331.23
-542,-9594.07
54,2956.57
74,-1257.63
147,3537.19
-282,-5095.67
915,9465.31
-300,-1075.79
270,3306.01
719,7049.67
-733,-6074.01
833,12365.43
122,1179.69
-845,-10648.09
450,7852.21
280,4113.41
581,9816.75
-130,-2820.99
776,7870.05
469,4039.67
425,7999.71
-211,-1876.53
-675,-6681.29
404,4827.57
802,7941.89
-668,-10617.91
332,4689.09
401,4472.55
-737,-9189.37
-999,-10352.45
-200,-5223.79
-158,-3031.51
527,4692.39
778,10120.73
328,1402.73
62,-1339.71
535,4653.11
-717,-10859.57
-689,-6197.05
588,6027.13
-886,-8217.03
-598,-9433.11
274,4168.37
204,2011.57
918,13771.33
-232,-2423.67
567,5308.99
-11,2826.47
-313,-1791.21
